-56
-63.56920472064466
-82
-39
-15
-38
0
-43.23572147665149
-85.02936484561071
-64
-39
-77
-57.835109008656715
-43
-79.58884856157236
-4
-96
-10
-53
-73
-71
-93
-99.64741781459377
-36
-79
-97
-67
-93.96361967126126
-36
-71
-56
-16
-35
-11
-69
0
-20.28192146746272
-95.87765881816405
-51
-67
-44
-60
-28
-94
-57
-89
-44
-1
-74
-82.09337601348307
-84.05177614428354
-38.35042585760489
-82.77798114002331
-41.16679084247268
-83
-68.09837174895978
-9
-3
-18
-2
-8
-63
-33
-19.890913572167012
-94.70598553374934
-9
-73
-79
-31.50758923985127
-40.74089201885358
-48
-55.45565004830945
-43.68236962721101
-18.523165434270734
-67
-31
-50.254075829672466
-93
-38
-52
-70
-79.414090087558
-48.85948028329604
-6
-10
-86
-60
-34
-50
-83
-1
-56
-4.058631018800323
-49
-13
-26
-24
-25.863985883162126
-99
-34